Mw=0.5;
Mb=7;
R=0.07;
L=0.3;
D=0.41;
g=9.8;
