n1 = 0.2340


n2 =2.7020


n3 =0.4220


n4 =6.1750
n1 =

    3.2880


n2 =

    5.0510


n3 =

    8.1180


n4 =

   28.7050


J_min =

    4.4525