
npar =

     4

generation #1 of maximum 20

n1 =

    0.6300


n2 =

    9.9450


n3 =

    1.4850


n4 =

    5.3070


J_min =

   8.8667e+05


n1 =

    1.2200


n2 =

    9.9140


n3 =

    1.9960


n4 =

    6.2240


J_min =

   1.0243e+05


n1 =

    4.2930


n2 =

    9.4550


n3 =

    8.6970


n4 =

    7.9160


J_min =

   1.3944e+04


n1 =

    5.9410


n2 =

    3.3550


n3 =

    9.4830


n4 =

  146.4460


J_min =

   1.9554e+06

generation #2 of maximum 20

n1 =

    3.5190


n2 =

    9.2550


n3 =

    8.4090


n4 =

    4.8430


J_min =

   1.4981e+04


n1 =

    4.2930


n2 =

    9.4550


n3 =

    8.6960


n4 =

    7.9160


J_min =

   1.4311e+04

generation #3 of maximum 20

n1 =

    4.2930


n2 =

    9.4550


n3 =

    8.6950


n4 =

    7.9160


J_min =

   1.3650e+04

generation #4 of maximum 20

n1 =

    1.5210


n2 =

    9.0570


n3 =

    3.9680


n4 =

    6.9830


J_min =

   2.5359e+05


n1 =

    4.2930


n2 =

    9.4550


n3 =

    8.6950


n4 =

    7.9160


J_min =

   1.3650e+04


n1 =

    0.8580


n2 =

    8.9780


n3 =

    2.1420


n4 =

    4.1750


J_min =

   1.3120e+05

generation #5 of maximum 20

n1 =

    3.2780


n2 =

    9.2020


n3 =

    7.8070


n4 =

    7.7550


J_min =

   3.8118e+04


n1 =

    2.9950


n2 =

    2.1990


n3 =

    7.4530


n4 =

    8.5850


J_min =

   8.0993e+04


n1 =

    4.2930


n2 =

    9.4550


n3 =

    8.6950


n4 =

    7.9160


J_min =

   1.3650e+04

generation #6 of maximum 20

n1 =

    0.2960


n2 =

    2.3110


n3 =

    0.4880


n4 =

    5.4060


J_min =

   8.9214e+05


n1 =

    4.2930


n2 =

    9.4550


n3 =

    8.6950


n4 =

    7.9160


J_min =

   1.3650e+04

generation #7 of maximum 20

n1 =

    4.2930


n2 =

    9.4550


n3 =

    8.6950


n4 =

    7.9160


J_min =

   1.3650e+04

generation #8 of maximum 20

n1 =

    4.2930


n2 =

    9.4550


n3 =

    8.6950


n4 =

    7.9160


J_min =

   1.3650e+04

generation #9 of maximum 20

n1 =

    4.2930


n2 =

    9.4550


n3 =

    8.6950


n4 =

    7.9160


J_min =

   1.3650e+04

generation #10 of maximum 20

n1 =

    4.2930


n2 =

    9.4550


n3 =

    8.6950


n4 =

    7.9160


J_min =

   1.3650e+04

generation #11 of maximum 20

n1 =

    4.2930


n2 =

    9.4550


n3 =

    8.6950


n4 =

    7.9160


J_min =

   1.3650e+04

generation #12 of maximum 20

n1 =

    4.2930


n2 =

    9.4550


n3 =

    8.6950


n4 =

    7.9160


J_min =

   1.3650e+04

generation #13 of maximum 20

n1 =

    2.6600


n2 =

    6.0860


n3 =

    6.2780


n4 =

    3.2850


J_min =

   1.2025e+04


n1 =

    4.2930


n2 =

    9.4550


n3 =

    8.6950


n4 =

    7.9160


J_min =

   1.3650e+04


n1 =

    0.4730


n2 =

    5.8450


n3 =

    0.4620


n4 =

    9.8640


J_min =

   1.0934e+06

generation #14 of maximum 20

n1 =

    2.6600


n2 =

    6.0860


n3 =

    6.2780


n4 =

    3.2850


J_min =

   1.2025e+04


n1 =

    2.2840


n2 =

    5.2320


n3 =

    6.0330


n4 =

    5.0900


J_min =

   6.3285e+04

generation #15 of maximum 20

n1 =

    2.6600


n2 =

    6.0860


n3 =

    6.2780


n4 =

    3.2850


J_min =

   1.2025e+04


n1 =

    2.0860


n2 =

    5.1960


n3 =

    5.0530


n4 =

    5.7140


J_min =

   6.7596e+04


n1 =

    0.1340


n2 =

    6.0590


n3 =

    0.2460


n4 =

    3.6880


J_min =

   2.1118e+06


n1 =

    3.8270


n2 =

    5.1370


n3 =

    9.9460


n4 =

    7.7230


J_min =

   2.7576e+04

generation #16 of maximum 20

n1 =

    2.6600


n2 =

    6.0860


n3 =

    6.2780


n4 =

    3.2850


J_min =

   1.2025e+04


n1 =

    1.3310


n2 =

    4.7650


n3 =

    2.2790


n4 =

    5.9310


J_min =

   9.3588e+04


n1 =

    1.8100


n2 =

    8.2270


n3 =

    2.1020


n4 =

    9.1000


J_min =

   6.6534e+04


n1 =

    2.6130


n2 =

    6.0090


n3 =

    5.0280


n4 =

    9.0090


J_min =

   6.5209e+04

generation #17 of maximum 20

n1 =

    2.6600


n2 =

    6.0860


n3 =

    6.2780


n4 =

    3.2850


J_min =

   1.2025e+04

generation #18 of maximum 20

n1 =

    2.6600


n2 =

    6.0860


n3 =

    6.2780


n4 =

    3.2850


J_min =

   1.2025e+04

generation #19 of maximum 20

n1 =

    2.6600


n2 =

    6.0860


n3 =

    6.2780


n4 =

    3.2850


J_min =

   1.2025e+04


n1 =

    1.1750


n2 =

    2.1590


n3 =

    2.2640


n4 =

    3.3160


J_min =

   4.3732e+04

generation #20 of maximum 20

n1 =

    2.6600


n2 =

    6.0860


n3 =

    6.2780


n4 =

    3.2850


J_min =

   1.2025e+04


n1 =

    2.6600


n2 =

    6.0860


n3 =

    6.2780


n4 =

    3.2850


J =

   1.2025e+04






