
npar =

     4


J =

  889.9299

generation #1 of maximum 50

n1 =

    0.3760


n2 =

    2.6670


n3 =

    0.3710


n4 =

    2.7140


J_min =

  239.4889


n1 =

 -172.6240


n2 =

 -496.1180


n3 =

 -459.7840


n4 =

  247.3830


J_min =

  696.3821


n1 =

    3.2530


n2 =

    6.0480


n3 =

    7.2550


n4 =

    9.1730


J_min =

  344.3324

generation #2 of maximum 50

n1 =

    0.3760


n2 =

    2.6670


n3 =

    0.3710


n4 =

    2.7130


J_min =

  242.1913


n1 =

    2.4480


n2 =

    3.7460


n3 =

    6.6900


n4 =

    7.2340


J_min =

   10.6720

generation #3 of maximum 50

n1 =

    2.4470


n2 =

    3.7450


n3 =

    6.6890


n4 =

    7.2330


J_min =

   15.1840

generation #4 of maximum 50

n1 =

    1.5760


n2 =

    0.4370


n3 =

    3.1950


n4 =

    9.6540


J_min =

   6.4780e+03


n1 =

    1.9350


n2 =

    5.0140


n3 =

    3.9810


n4 =

    6.2390


J_min =

  433.5888


n1 =

    2.5570


n2 =

    8.5880


n3 =

    5.3490


n4 =

    6.4370


J_min =

   1.1702e+03


n1 =

    2.4470


n2 =

    3.7450


n3 =

    6.6890


n4 =

    7.2330


J_min =

   15.1840

generation #5 of maximum 50

n1 =

    1.5680


n2 =

    9.9720


n3 =

    3.1240


n4 =

    3.9070


J_min =

   1.1731e+03


n1 =

    2.4470


n2 =

    3.7450


n3 =

    6.6890


n4 =

    7.2330


J_min =

   15.1840

generation #6 of maximum 50

n1 =

    2.9470


n2 =

    9.1040


n3 =

    7.6370


n4 =

    5.7170


J_min =

   72.6261


n1 =

    2.4470


n2 =

    3.7450


n3 =

    6.6890


n4 =

    7.2330


J_min =

   15.1840

generation #7 of maximum 50

n1 =

    2.4470


n2 =

    3.7450


n3 =

    6.6890


n4 =

    7.2330


J_min =

   15.1840

generation #8 of maximum 50

n1 =

    1.1390


n2 =

    5.6410


n3 =

    1.4740


n4 =

    6.0070


J_min =

  611.6655


n1 =

    2.4470


n2 =

    3.7450


n3 =

    6.6890


n4 =

    7.2330


J_min =

   15.1840

generation #9 of maximum 50

n1 =

    2.4470


n2 =

    3.7450


n3 =

    6.6890


n4 =

    7.2330


J_min =

   15.1840

generation #10 of maximum 50

n1 =

    2.8500


n2 =

    9.8950


n3 =

    6.2120


n4 =

    4.1310


J_min =

   1.3828e+03


n1 =

    1.6240


n2 =

    9.4160


n3 =

    3.4370


n4 =

    5.7550


J_min =

  616.2451


n1 =

    2.4470


n2 =

    3.7450


n3 =

    6.6890


n4 =

    7.2330


J_min =

   15.1840

generation #11 of maximum 50

n1 =

    2.6070


n2 =

    9.2550


n3 =

    7.0050


n4 =

    3.2950


J_min =

   17.8153


n1 =

    2.4470


n2 =

    3.7450


n3 =

    6.6890


n4 =

    7.2330


J_min =

   15.1840

generation #12 of maximum 50

n1 =

    2.2550


n2 =

    7.7000


n3 =

    5.8270


n4 =

    1.8740


J_min =

   91.3803


n1 =

    1.7360


n2 =

    0.6910


n3 =

    4.4040


n4 =

    7.0680


J_min =

   11.6547


n1 =

    2.4470


n2 =

    3.7450


n3 =

    6.6890


n4 =

    7.2330


J_min =

   15.1840

generation #13 of maximum 50

n1 =

    1.1390


n2 =

    3.4870


n3 =

    2.5780


n4 =

    7.3790


J_min =

   17.3999


n1 =

    1.7360


n2 =

    0.6910


n3 =

    4.4030


n4 =

    7.0670


J_min =

   11.9762

generation #14 of maximum 50

n1 =

    3.2750


n2 =

    2.2040


n3 =

    8.5440


n4 =

    9.4780


J_min =

   14.2065


n1 =

    0.4980


n2 =

    3.2710


n3 =

    1.2300


n4 =

    2.3190


J_min =

    4.5767


n1 =

    4.2200


n2 =

    6.3790


n3 =

    8.9770


n4 =

    7.6820


J_min =

   1.0961e+03


n1 =

    1.7360


n2 =

    0.6910


n3 =

    4.4030


n4 =

    7.0660


J_min =

   11.8663

generation #15 of maximum 50

n1 =

    0.4980


n2 =

    3.2700


n3 =

    1.2290


n4 =

    2.3180


J_min =

    5.8021


n1 =

    3.8570


n2 =

    9.6230


n3 =

    9.1840


n4 =

    8.0530


J_min =

  330.0217

generation #16 of maximum 50

n1 =

    0.4980


n2 =

    3.2700


n3 =

    1.2280


n4 =

    2.3170


J_min =

    5.5088

generation #17 of maximum 50

n1 =

    0.4980


n2 =

    3.2700


n3 =

    1.2270


n4 =

    2.3160


J_min =

    5.8849


n1 =

    3.2520


n2 =

    6.3980


n3 =

    7.8470


n4 =

    4.3720


J_min =

  278.5937

generation #18 of maximum 50

n1 =

    0.4980


n2 =

    3.2700


n3 =

    1.2260


n4 =

    2.3150


J_min =

    5.1539


n1 =

    3.4840


n2 =

    2.2590


n3 =

    9.1070


n4 =

    5.3690


J_min =

   23.5172

generation #19 of maximum 50

n1 =

    0.4980


n2 =

    3.2700


n3 =

    1.2250


n4 =

    2.3140


J_min =

    6.1715

generation #20 of maximum 50

n1 =

    0.4980


n2 =

    3.2700


n3 =

    1.2240


n4 =

    2.3130


J_min =

    7.0655


n1 =

    1.4360


n2 =

    4.3440


n3 =

    1.7960


n4 =

    7.1340


J_min =

  741.6921


n1 =

    1.8080


n2 =

    3.0080


n3 =

    4.8900


n4 =

    6.5310


J_min =

    4.1266

generation #21 of maximum 50

n1 =

    1.7980


n2 =

    3.9790


n3 =

    3.9440


n4 =

    7.3640


J_min =

  118.9398


n1 =

    1.8080


n2 =

    3.0080


n3 =

    4.8890


n4 =

    6.5310


J_min =

    3.5904

generation #22 of maximum 50

n1 =

    1.8080


n2 =

    3.0080


n3 =

    4.8890


n4 =

    6.5310


J_min =

    3.5904

generation #23 of maximum 50

n1 =

    0.9210


n2 =

    0.4370


n3 =

    2.1840


n4 =

    2.9590


J_min =

   97.1451


n1 =

    1.8080


n2 =

    3.0080


n3 =

    4.8890


n4 =

    6.5310


J_min =

    3.5904

generation #24 of maximum 50

n1 =

    4.3450


n2 =

    8.2680


n3 =

    9.3910


n4 =

    7.8720


J_min =

   1.2225e+03


n1 =

    1.8080


n2 =

    3.0080


n3 =

    4.8890


n4 =

    6.5310


J_min =

    3.5904


n1 =

    3.0850


n2 =

    6.5030


n3 =

    6.8280


n4 =

    6.4450


J_min =

  628.3263

generation #25 of maximum 50

n1 =

    1.8080


n2 =

    3.0080


n3 =

    4.8890


n4 =

    6.5310


J_min =

    3.5904

generation #26 of maximum 50

n1 =

    1.8080


n2 =

    3.0080


n3 =

    4.8890


n4 =

    6.5310


J_min =

    3.5904

generation #27 of maximum 50

n1 =

    3.6480


n2 =

    7.0020


n3 =

    7.7240


n4 =

    8.5010


J_min =

   1.2470e+03


n1 =

    2.3580


n2 =

    7.7210


n3 =

    5.6630


n4 =

    4.0410


J_min =

  347.4776


n1 =

    1.8080


n2 =

    3.0080


n3 =

    4.8890


n4 =

    6.5310


J_min =

    3.5904

generation #28 of maximum 50

n1 =

    2.7350


n2 =

    1.6500


n3 =

    6.5060


n4 =

    6.1500


J_min =

  112.5615


n1 =

    1.8080


n2 =

    3.0080


n3 =

    4.8890


n4 =

    6.5310


J_min =

    3.5904

generation #29 of maximum 50

n1 =

    1.9880


n2 =

    2.9220


n3 =

    4.2570


n4 =

    8.2990


J_min =

  123.3928


n1 =

    1.6480


n2 =

    1.8370


n3 =

    4.4920


n4 =

    6.9500


J_min =

   10.8186


n1 =

    3.5270


n2 =

    3.6300


n3 =

    8.6820


n4 =

    5.9860


J_min =

   91.9890


n1 =

    4.4220


n2 =

    7.9200


n3 =

    9.7580


n4 =

    8.6750


J_min =

  794.2407


n1 =

    1.8080


n2 =

    3.0080


n3 =

    4.8890


n4 =

    6.5310


J_min =

    3.5904

generation #30 of maximum 50

n1 =

    4.3800


n2 =

    8.4990


n3 =

    9.5110


n4 =

    5.9450


J_min =

  845.3398


n1 =

    1.8080


n2 =

    3.0080


n3 =

    4.8890


n4 =

    6.5310


J_min =

    3.5904


n1 =

    3.2570


n2 =

    6.2600


n3 =

    7.1760


n4 =

    7.8940


J_min =

  494.4630

generation #31 of maximum 50

n1 =

    3.7690


n2 =

    8.4330


n3 =

    9.8300


n4 =

    5.3040


J_min =

   56.2763


n1 =

    1.8080


n2 =

    3.0080


n3 =

    4.8890


n4 =

    6.5310


J_min =

    3.5904

generation #32 of maximum 50

n1 =

    1.8080


n2 =

    3.0080


n3 =

    4.8890


n4 =

    6.5310


J_min =

    3.5904

generation #33 of maximum 50

n1 =

    1.8080


n2 =

    3.0080


n3 =

    4.8890


n4 =

    6.5310


J_min =

    3.5904

generation #34 of maximum 50

n1 =

    2.3830


n2 =

    3.5950


n3 =

    5.5470


n4 =

    6.5410


J_min =

  104.4883


