
npar =

     4

generation #1 of maximum 20
generation #2 of maximum 20
generation #3 of maximum 20

n1 =

    3.6470


n2 =

    9.6060


n3 =

    7.8740


n4 =

    8.1580


J_min =

   1.1176e+03

generation #4 of maximum 20

n1 =

    3.6470


n2 =

    9.6050


n3 =

    7.8730


n4 =

    8.1570


J_min =

   1.1586e+03


n1 =

    2.6390


n2 =

    6.8150


n3 =

    6.7440


n4 =

    2.8940


J_min =

  112.5020

generation #5 of maximum 20

n1 =

    1.3670


n2 =

    6.4550


n3 =

    2.5910


n4 =

    5.3090


J_min =

  614.0181


n1 =

    2.6380


n2 =

    6.8140


n3 =

    6.7430


n4 =

    2.8940


J_min =

  104.1073

generation #6 of maximum 20

n1 =

    2.6370


n2 =

    6.8130


n3 =

    6.7430


n4 =

    2.8940


J_min =

  113.2411

generation #7 of maximum 20

n1 =

    0.1880


n2 =

    8.0430


n3 =

    0.1700


n4 =

    4.9890


J_min =

   42.9900


n1 =

    2.0340


n2 =

    9.2500


n3 =

    5.0470


n4 =

    7.8620


J_min =

   34.7818


n1 =

    2.6370


n2 =

    6.8130


n3 =

    6.7430


n4 =

    2.8940


J_min =

  113.2411

generation #8 of maximum 20

n1 =

    2.0330


n2 =

    9.2500


n3 =

    5.0460


n4 =

    7.8610


J_min =

   32.6993

generation #9 of maximum 20

n1 =

    2.2040


n2 =

    6.8360


n3 =

    4.1270


n4 =

    8.9170


J_min =

  658.4507


n1 =

    1.8310


n2 =

    3.2920


n3 =

    4.0780


n4 =

    5.0590


J_min =

  242.7083


n1 =

    2.0320


n2 =

    9.2500


n3 =

    5.0460


n4 =

    7.8610


J_min =

   34.7526


n1 =

    3.6110


n2 =

    9.2130


n3 =

    9.1560


n4 =

    7.2230


J_min =

  118.7368


n1 =

    2.8470


n2 =

    3.3450


n3 =

    7.3700


n4 =

    6.9150


J_min =

   26.3288

generation #10 of maximum 20

n1 =

    2.8460


n2 =

    3.3440


n3 =

    7.3700


n4 =

    6.9150


J_min =

   20.2164

generation #11 of maximum 20

n1 =

    2.8450


n2 =

    3.3430


n3 =

    7.3700


n4 =

    6.9150


J_min =

   30.6341

generation #12 of maximum 20

n1 =

    2.8440


n2 =

    3.3420


n3 =

    7.3700


n4 =

    6.9150


J_min =

   27.4162

generation #13 of maximum 20

n1 =

    1.7630


n2 =

    1.7640


n3 =

    2.4890


n4 =

    8.7050


J_min =

  692.5316


n1 =

    2.8430


n2 =

    3.3410


n3 =

    7.3700


n4 =

    6.9150


J_min =

   27.3026

generation #14 of maximum 20

n1 =

    1.7610


n2 =

    2.4860


n3 =

    2.4620


n4 =

    9.4290


J_min =

  544.2316


n1 =

    2.8420


n2 =

    3.3400


n3 =

    7.3700


n4 =

    6.9150


J_min =

   29.1664

generation #15 of maximum 20

n1 =

    2.4950


n2 =

    4.7090


n3 =

    5.7520


n4 =

    9.8100


J_min =

   92.9163


n1 =

    2.8410


n2 =

    3.3390


n3 =

    7.3700


n4 =

    6.9150


J_min =

   29.4201


n1 =

    1.4160


n2 =

    8.4470


n3 =

    2.6610


n4 =

    8.9760


J_min =

  190.9585

generation #16 of maximum 20

n1 =

    2.8400


n2 =

    3.3380


n3 =

    7.3700


n4 =

    6.9150


J_min =

   24.5075

generation #17 of maximum 20

n1 =

    2.8390


n2 =

    3.3380


n3 =

    7.3700


n4 =

    6.9150


J_min =

   23.3579

generation #18 of maximum 20

n1 =

    2.8380


n2 =

    3.3380


n3 =

    7.3700


n4 =

    6.9150


J_min =

   24.1869

generation #19 of maximum 20

n1 =

    1.7230


n2 =

    9.8730


n3 =

    3.9590


n4 =

    8.4530


J_min =

   92.9489


n1 =

    2.8370


n2 =

    3.3380


n3 =

    7.3700


n4 =

    6.9150


J_min =

   23.1532

generation #20 of maximum 20

n1 =

    1.6430


n2 =

    4.4390


n3 =

    3.1560


n4 =

    4.8400


J_min =

   1.0781e+03


n1 =

    1.2510


n2 =

    5.9950


n3 =

    2.7370


n4 =

    6.4720


J_min =

   56.2359


n1 =

    2.8360


n2 =

    3.3380


n3 =

    7.3700


n4 =

    6.9150


J_min =

   24.5135


n1 =

    2.8360


n2 =

    3.3380


n3 =

    7.3700


n4 =

    6.9150


J =

   24.5135

>> 