n1=0.1710
n2=1.596
n3=0.307
n4=1